Task: hammer
Algorithm: bc
Start time: 2025-07-04 20:33:51.875783
End time: 2025-07-04 20:36:58.423504
Total training time: 0:03:06.547721
n_steps: 10000
n_steps_per_epoch: 200
batch_size: 512
seed: 42
n_evaluation_episodes: 25
Number of episodes in dataset: 50

Algorithm hyperparameters:
batch_size: 512
gamma: 0.99
observation_scaler: StandardObservationScaler(mean=array([ 0.0174753 , -0.23949108, -0.08045456, -0.51747705, -0.02182292,
        0.87005408,  0.76376439,  0.81262843,  0.08889471,  0.98596255,
        0.72472441,  0.75365297, -0.09011622,  0.49312084,  1.22901095,
        1.31523802,  0.09248739, -0.23315969,  0.96972087,  0.90643665,
        1.05778109,  0.12164826,  1.09511968,  0.22347536, -0.25198064,
       -0.33205275,  0.06762034,  0.03420949,  0.08437693, -0.00213947,
        0.13316342, -0.04517928,  0.0641284 ,  0.12430491, -0.20823423,
        0.18425545,  0.11127056, -0.19811358,  0.18859494,  2.10368556,
       -0.48272191,  0.2613067 ,  0.01881279, -0.01212496,  0.17820072,
        0.02043298]), std=array([0.05296459, 0.09354607, 0.0930803 , 0.29817443, 0.0395066 ,
       0.15837586, 0.19729193, 0.20008632, 0.04741048, 0.26932754,
       0.16146746, 0.1672012 , 0.03573991, 0.15344506, 0.29597928,
       0.30291493, 0.06220299, 0.06449741, 0.24950491, 0.22197256,
       0.25709741, 0.09723687, 0.20121976, 0.04766604, 0.05355914,
       0.14156094, 0.03100572, 0.31335012, 0.30891758, 0.09645459,
       0.68382152, 0.69645502, 0.61548352, 0.05478228, 0.00796859,
       0.04433404, 0.04934899, 0.00796298, 0.06121581, 0.24168179,
       0.20448138, 0.11092873, 0.02896441, 0.01126077, 0.04316588,
       0.14067882]), eps=0.001)
action_scaler: MinMaxActionScaler(minimum=array([-0.40354118, -1.        , -0.84731424, -1.        , -0.7577521 ,
       -0.6191933 , -1.        , -1.        , -0.40877303, -1.        ,
       -1.        , -1.        , -0.6954122 , -1.        , -1.        ,
       -1.        , -1.        , -1.        , -1.        , -1.        ,
       -1.        , -1.        , -0.6670654 , -0.51427406, -1.        ,
       -0.7772848 ], dtype=float32), maximum=array([ 0.9820416 ,  0.6021379 ,  1.        ,  1.        ,  0.731358  ,
        0.8363359 ,  1.        ,  1.        ,  1.        ,  1.        ,
        1.        ,  1.        ,  0.36984736,  1.        ,  1.        ,
        1.        ,  0.85668975,  0.2182986 ,  1.        ,  1.        ,
        1.        ,  1.        ,  1.        ,  1.        , -0.06829095,
        1.        ], dtype=float32))
reward_scaler: None
compile_graph: False
learning_rate: 5e-05
policy_type: deterministic
optim_factory: AdamFactory(clip_grad_norm=None, lr_scheduler_factory=None, betas=(0.9, 0.999), eps=1e-08, weight_decay=0, amsgrad=False)
encoder_factory: DefaultEncoderFactory(activation='relu', use_batch_norm=False, dropout_rate=None)
